10

0 1 14
0 2 10
0 3 15
0 4 1
0 5 1
0 6 45
0 7 1
0 8 1
0 9 1
1 0 14
1 2 1
1 3 1
1 4 1
1 5 13
1 6 1
1 7 1
1 8 1
1 9 1
2 0 10
2 1 1
2 3 21
2 4 1
2 5 1
2 6 1
2 7 1
2 8 1
2 9 1
3 0 15
3 2 21
3 1 1
3 4 1
3 5 1
3 6 16
3 7 23
3 8 1
3 9 1
4 1 1
4 2 1
4 3 1
4 0 1
4 5 1
4 6 1
4 7 1
4 8 1
4 9 1
5 1 13
5 2 1
5 3 1
5 4 1
5 0 1
5 6 1
5 7 1
5 8 1
5 9 34
6 1 1
6 2 1
6 3 16
6 4 1
6 5 1
6 0 45
6 7 1
6 8 1
6 9 1
7 1 1
7 2 1
7 3 23
7 4 1
7 5 1
7 6 1
7 0 1
7 8 1
7 9 1
8 1 1
8 2 1
8 3 1
8 4 1
8 5 1
8 6 1
8 7 1
8 0 1
8 9 25
9 1 1
9 2 1
9 3 1
9 4 1
9 5 34
9 6 1
9 7 1
9 8 25
9 0 1
T 0 3 5 6